3,2
3,1
3,3
10,185
10,101
10,157
10,275
10,89
10,253
10,1
10,265
10,2
10,3
11,11
11,17
11,23
11,15
11,19
11,7
11,29
11,1
11,27
11,2
11,3
9,5
9,1
9,7
9,2
9,3
8,12
8,18
8,5
8,14
8,7
8,1
8,9
8,2
8,3
12,2
12,1
12,3
20,2
20,1
20,3
19,2
19,1
19,3
18,1
18,3
65,4
65,3
14,1
65,2
14,3
65,1
13,1
65,0
13,3
63,5
63,4
63,3
63,2
63,1
63,0
62,4
62,3
62,2
62,1
62,0
61,3
61,2
61,1
61,0
59,4
2,2
59,3
2,1
59,2
2,3
59,1
59,0
58,3
58,2
58,1
58,0
0,472
0,273
0,270
0,0
66,34
66,33
66,32
66,31
66,30
66,29
66,28
66,27
66,26
66,25
66,24
66,23
